
local title = { id = 1 , Power = 2 , atk = 3 , bre = 4 , def = 5 , max_hp = 6 , hit_rate = 7 , avd_rate = 8 , cri_rate = 9 , cri_r_rate = 10 , cri_dmg = 11 , cri_dmg_r = 12 , dmg_inc = 13 , psy_d_r = 14 , mag_d_r = 15 , GlobalScale = 16}
local findT = {
	__index=function(t,key)
		if not key or not title[key] then
			return nil
		end
		return t[title[key]]
	end
}
local monster_base_cfg = {
	[114010000] = {114010000,10552,8400,6930,14385,12600,1000,500,500,1000,0,0,0,0,0,10000},
	[114010079] = {114010079,0,10000,10000,10000,10000,0,1075,2071,0,0,0,0,0,0,10000},
	[114010080] = {114010080,0,10000,10000,10000,10000,0,1075,2071,0,0,0,0,0,0,10000},
	[114010081] = {114010081,0,10000,10000,10000,10000,0,1075,2071,0,0,0,0,0,0,10000},
	[114010082] = {114010082,0,10000,10000,10000,10000,0,1012,1909,0,0,0,0,0,0,10000},
	[114010083] = {114010083,0,10000,10000,10000,10000,0,950,1750,0,0,0,0,0,0,10000},
	[114010084] = {114010084,0,10000,10000,10000,10000,0,883,1616,0,0,0,0,0,0,10000},
	[114010085] = {114010085,0,10000,10000,10000,10000,0,850,1550,0,0,0,0,0,0,10000},
	[114010086] = {114010086,0,10000,10000,10000,10000,0,816,1483,0,0,0,0,0,0,10000},
	[114010087] = {114010087,0,10000,10000,10000,10000,0,783,1416,0,0,0,0,0,0,10000},
	[114010088] = {114010088,0,10000,10000,10000,10000,0,750,1350,0,0,0,0,0,0,10000},
	[114010089] = {114010089,0,10000,10000,10000,10000,0,750,1350,0,0,0,0,0,0,10000},
	[114010090] = {114010090,0,10000,10000,10000,10000,0,650,1200,0,0,0,0,0,0,10000},
	[114010091] = {114010091,0,10000,10000,10000,10000,0,550,1050,0,0,0,0,0,0,10000},
	[114010092] = {114010092,0,10000,10000,10000,10000,0,483,950,0,0,0,0,0,0,10000},
	[114010093] = {114010093,0,10000,10000,10000,10000,0,450,900,0,0,0,0,0,0,10000},
	[114010094] = {114010094,0,10000,10000,10000,10000,0,350,700,0,0,0,0,0,0,10000},
	[114010095] = {114010095,0,10000,10000,10000,10000,0,200,400,0,0,0,0,0,0,10000},
	[114010096] = {114010096,0,10000,10000,10000,10000,0,100,200,0,0,0,0,0,0,10000},
	[114010097] = {114010097,0,10000,10000,10000,10000,0,50,100,0,0,0,0,0,0,10000},
	[114010098] = {114010098,0,10000,10000,10000,10000,0,0,0,0,0,0,0,0,0,10000},
	[114010099] = {114010099,1053509,120169,50470,111502,2959374,14040,4000,5500,5840,1500,4500,1000,1500,2250,10000},
	[114100000] = {114100000,10000,11000,12200,7800,9000,500,1000,1000,500,0,0,0,0,0,10000},
	[114100079] = {114100079,0,10000,10000,10000,10000,0,1075,2071,0,0,0,0,0,0,10000},
	[114100080] = {114100080,0,10000,10000,10000,10000,0,1075,2071,0,0,0,0,0,0,10000},
	[114100081] = {114100081,0,10000,10000,10000,10000,0,1075,2071,0,0,0,0,0,0,10000},
	[114100082] = {114100082,0,10000,10000,10000,10000,0,1012,1909,0,0,0,0,0,0,10000},
	[114100083] = {114100083,0,10000,10000,10000,10000,0,950,1750,0,0,0,0,0,0,10000},
	[114100084] = {114100084,0,10000,10000,10000,10000,0,883,1616,0,0,0,0,0,0,10000},
	[114100085] = {114100085,0,10000,10000,10000,10000,0,850,1550,0,0,0,0,0,0,10000},
	[114100086] = {114100086,0,10000,10000,10000,10000,0,816,1483,0,0,0,0,0,0,10000},
	[114100087] = {114100087,0,10000,10000,10000,10000,0,783,1416,0,0,0,0,0,0,10000},
	[114100088] = {114100088,0,10000,10000,10000,10000,0,750,1350,0,0,0,0,0,0,10000},
	[114100089] = {114100089,0,10000,10000,10000,10000,0,750,1350,0,0,0,0,0,0,10000},
	[114100090] = {114100090,0,10000,10000,10000,10000,0,650,1200,0,0,0,0,0,0,10000},
	[114100091] = {114100091,0,10000,10000,10000,10000,0,550,1050,0,0,0,0,0,0,10000},
	[114100092] = {114100092,0,10000,10000,10000,10000,0,483,950,0,0,0,0,0,0,10000},
	[114100093] = {114100093,0,10000,10000,10000,10000,0,450,900,0,0,0,0,0,0,10000},
	[114100094] = {114100094,0,10000,10000,10000,10000,0,350,700,0,0,0,0,0,0,10000},
	[114100095] = {114100095,0,10000,10000,10000,10000,0,200,400,0,0,0,0,0,0,10000},
	[114100096] = {114100096,0,10000,10000,10000,10000,0,100,200,0,0,0,0,0,0,10000},
	[114100097] = {114100097,0,10000,10000,10000,10000,0,50,100,0,0,0,0,0,0,10000},
	[114100098] = {114100098,0,10000,10000,10000,10000,0,0,0,0,0,0,0,0,0,10000},
	[114100099] = {114100099,704721,160156,92845,57338,1878916,13500,4940,7440,3500,4500,1500,1500,1500,1500,10000},
	[114030000] = {114030000,10500,11340,10500,10500,9660,1000,500,500,1000,0,0,0,0,0,10000},
	[114030079] = {114030079,0,10000,10000,10000,10000,0,1075,2071,0,0,0,0,0,0,10000},
	[114030080] = {114030080,0,10000,10000,10000,10000,0,1075,2071,0,0,0,0,0,0,10000},
	[114030081] = {114030081,0,10000,10000,10000,10000,0,1075,2071,0,0,0,0,0,0,10000},
	[114030082] = {114030082,0,10000,10000,10000,10000,0,1012,1909,0,0,0,0,0,0,10000},
	[114030083] = {114030083,0,10000,10000,10000,10000,0,950,1750,0,0,0,0,0,0,10000},
	[114030084] = {114030084,0,10000,10000,10000,10000,0,883,1616,0,0,0,0,0,0,10000},
	[114030085] = {114030085,0,10000,10000,10000,10000,0,850,1550,0,0,0,0,0,0,10000},
	[114030086] = {114030086,0,10000,10000,10000,10000,0,816,1483,0,0,0,0,0,0,10000},
	[114030087] = {114030087,0,10000,10000,10000,10000,0,783,1416,0,0,0,0,0,0,10000},
	[114030088] = {114030088,0,10000,10000,10000,10000,0,750,1350,0,0,0,0,0,0,10000},
	[114030089] = {114030089,0,10000,10000,10000,10000,0,750,1350,0,0,0,0,0,0,10000},
	[114030090] = {114030090,0,10000,10000,10000,10000,0,650,1200,0,0,0,0,0,0,10000},
	[114030091] = {114030091,0,10000,10000,10000,10000,0,550,1050,0,0,0,0,0,0,10000},
	[114030092] = {114030092,0,10000,10000,10000,10000,0,483,950,0,0,0,0,0,0,10000},
	[114030093] = {114030093,0,10000,10000,10000,10000,0,450,900,0,0,0,0,0,0,10000},
	[114030094] = {114030094,0,10000,10000,10000,10000,0,350,700,0,0,0,0,0,0,10000},
	[114030095] = {114030095,0,10000,10000,10000,10000,0,200,400,0,0,0,0,0,0,10000},
	[114030096] = {114030096,0,10000,10000,10000,10000,0,100,200,0,0,0,0,0,0,10000},
	[114030097] = {114030097,0,10000,10000,10000,10000,0,50,100,0,0,0,0,0,0,10000},
	[114030098] = {114030098,0,10000,10000,10000,10000,0,0,0,0,0,0,0,0,0,10000},
	[114030099] = {114030099,818231,166564,78751,79740,2208885,14440,4000,6400,4540,3000,3000,1500,1500,1500,10000},
	[113100000] = {113100000,10000,9200,10000,10000,10800,1000,500,500,1000,0,0,0,0,0,10000},
	[113100099] = {113100099,845314,135165,73020,74009,2327264,14440,4000,6400,4540,3000,3000,1500,1500,1500,10000},
	[113080000] = {113080000,10066,7600,7000,13000,12600,1000,500,500,1000,0,0,0,0,0,10000},
	[113080001] = {113080001,10066,7600,7000,13000,100000000,1000,500,500,1000,0,0,0,0,0,10000},
	[113080099] = {113080099,1009914,107078,49139,98963,2848614,14040,4000,5500,5840,1500,4500,1000,1500,2250,10000},
	[114080000] = {114080000,10133,13000,13000,7000,7400,500,500,1000,1000,0,0,0,0,0,10000},
	[114080099] = {114080099,617762,194191,98963,49139,1585044,13500,4000,7840,4040,4500,1500,1500,1500,1500,10000},
	[150020000] = {150020000,10500,11025,10395,10605,9975,1000,500,500,1000,0,0,0,0,0,10000},
	[150020001] = {150020001,19000,6000,10000,10000,30000,0,0,0,0,0,0,0,0,0,10000},
	[150020003] = {150020003,19666,10000,10000,10000,100000000,5000,500,500,1000,0,0,0,0,0,10000},
	[150020004] = {150020004,40000,26000,15000,13000,80000,1000,500,500,1000,0,0,0,0,0,10000},
	[150030000] = {150030000,10000,10000,10000,10000,10000,1000,500,500,1000,0,0,0,0,0,10000},
	[150030001] = {150030001,63333,4000,15000,13000,100000,1000,500,500,1000,0,0,0,0,0,10000},
	[150040000] = {150040000,10500,11025,10395,10605,9975,1000,500,500,1000,0,0,0,0,0,10000},
	[150040001] = {150040001,63333,2000,10395,10605,60000,1000,500,500,1000,0,0,0,0,0,10000},
	[150040003] = {150040003,19666,10000,10000,10000,100000000,5000,500,500,1000,0,0,0,0,0,10000},
	[150040004] = {150040004,10500,11025,10395,10605,99750,1000,500,500,1000,0,0,0,0,0,10000},
	[150050000] = {150050000,33348500,21750,32500,15000,100000000,1000,500,500,1000,0,0,0,0,0,10000},
	[113020000] = {113020000,10500,11025,10500,10500,9975,1000,500,500,1000,0,0,0,0,0,10000},
	[113020099] = {113020099,836129,162639,78751,79740,2266505,14440,4000,6400,4540,3000,3000,1500,1500,1500,10000},
	[113010000] = {113010000,10640,13650,13650,7350,7770,500,500,1000,1000,0,0,0,0,0,10000},
	[113010099] = {113010099,665528,210049,106934,52837,1706652,13500,4000,7840,4040,4500,1500,1500,1500,1500,10000},
	[113020001] = {113020001,136666,85000,18000,10000,150000,0,0,4700,3240,0,0,0,750,0,10000},
	[111020000] = {111020000,10500,9975,10500,10500,11025,1000,500,500,1000,0,0,0,0,0,10000},
	[111020099] = {111020099,895711,149765,78751,79740,2458123,14440,4000,6400,4540,3000,3000,1500,1500,1500,10000},
	[114020000] = {114020000,10552,12600,14385,6930,8400,500,500,1000,1000,0,0,0,0,0,10000},
	[114020099] = {114020099,697544,196848,111502,50470,1814798,13500,4000,7840,4040,4500,1500,1500,1500,1500,10000},
	[114040000] = {114040000,10066,8000,6400,14000,12000,1000,500,500,1000,0,0,0,0,0,10000},
	[114040001] = {114040001,10066,8000,6400,14000,100000000,1000,500,500,1000,0,0,0,0,0,10000},
	[114040099] = {114040099,974904,111442,45811,105024,2737855,14040,4000,5500,5840,1500,4500,1000,1500,2250,10000},
	[113060000] = {113060000,9060,9900,11700,6660,8100,500,1000,1000,500,0,0,0,0,0,10000},
	[113060098] = {113060098,9060,9900,11700,6660,8100,500,0,0,0,0,0,0,0,0,10000},
	[113120000] = {113120000,9000,9000,9450,8550,9000,1000,500,500,1000,0,0,0,0,0,10000},
	[113120079] = {113120079,0,10000,10000,10000,10000,0,1075,2071,0,0,0,0,0,0,10000},
	[113120080] = {113120080,0,10000,10000,10000,10000,0,1075,2071,0,0,0,0,0,0,10000},
	[113120081] = {113120081,0,10000,10000,10000,10000,0,1075,2071,0,0,0,0,0,0,10000},
	[113120082] = {113120082,0,10000,10000,10000,10000,0,1012,1909,0,0,0,0,0,0,10000},
	[113120083] = {113120083,0,10000,10000,10000,10000,0,950,1750,0,0,0,0,0,0,10000},
	[113120084] = {113120084,0,10000,10000,10000,10000,0,883,1616,0,0,0,0,0,0,10000},
	[113120085] = {113120085,0,10000,10000,10000,10000,0,850,1550,0,0,0,0,0,0,10000},
	[113120086] = {113120086,0,10000,10000,10000,10000,0,816,1483,0,0,0,0,0,0,10000},
	[113120087] = {113120087,0,10000,10000,10000,10000,0,783,1416,0,0,0,0,0,0,10000},
	[113120088] = {113120088,0,10000,10000,10000,10000,0,750,1350,0,0,0,0,0,0,10000},
	[113120089] = {113120089,0,10000,10000,10000,10000,0,750,1350,0,0,0,0,0,0,10000},
	[113120090] = {113120090,0,10000,10000,10000,10000,0,650,1200,0,0,0,0,0,0,10000},
	[113120091] = {113120091,0,10000,10000,10000,10000,0,550,1050,0,0,0,0,0,0,10000},
	[113120092] = {113120092,0,10000,10000,10000,10000,0,483,950,0,0,0,0,0,0,10000},
	[113120093] = {113120093,0,10000,10000,10000,10000,0,450,900,0,0,0,0,0,0,10000},
	[113120094] = {113120094,0,10000,10000,10000,10000,0,350,700,0,0,0,0,0,0,10000},
	[113120095] = {113120095,0,10000,10000,10000,10000,0,200,400,0,0,0,0,0,0,10000},
	[113120096] = {113120096,0,10000,10000,10000,10000,0,100,200,0,0,0,0,0,0,10000},
	[113120097] = {113120097,0,10000,10000,10000,10000,0,50,100,0,0,0,0,0,0,10000},
	[113120098] = {113120098,0,10000,10000,10000,10000,0,0,0,0,0,0,0,0,0,10000},
	[114060000] = {114060000,9000,9000,9720,8280,9000,1000,500,500,1000,0,0,0,0,0,10000},
	[114060079] = {114060079,0,10000,10000,10000,10000,0,1075,2071,0,0,0,0,0,0,10000},
	[114060080] = {114060080,0,10000,10000,10000,10000,0,1075,2071,0,0,0,0,0,0,10000},
	[114060081] = {114060081,0,10000,10000,10000,10000,0,1075,2071,0,0,0,0,0,0,10000},
	[114060082] = {114060082,0,10000,10000,10000,10000,0,1012,1909,0,0,0,0,0,0,10000},
	[114060083] = {114060083,0,10000,10000,10000,10000,0,950,1750,0,0,0,0,0,0,10000},
	[114060084] = {114060084,0,10000,10000,10000,10000,0,883,1616,0,0,0,0,0,0,10000},
	[114060085] = {114060085,0,10000,10000,10000,10000,0,850,1550,0,0,0,0,0,0,10000},
	[114060086] = {114060086,0,10000,10000,10000,10000,0,816,1483,0,0,0,0,0,0,10000},
	[114060087] = {114060087,0,10000,10000,10000,10000,0,783,1416,0,0,0,0,0,0,10000},
	[114060088] = {114060088,0,10000,10000,10000,10000,0,750,1350,0,0,0,0,0,0,10000},
	[114060089] = {114060089,0,10000,10000,10000,10000,0,750,1350,0,0,0,0,0,0,10000},
	[114060090] = {114060090,0,10000,10000,10000,10000,0,650,1200,0,0,0,0,0,0,10000},
	[114060091] = {114060091,0,10000,10000,10000,10000,0,550,1050,0,0,0,0,0,0,10000},
	[114060092] = {114060092,0,10000,10000,10000,10000,0,483,950,0,0,0,0,0,0,10000},
	[114060093] = {114060093,0,10000,10000,10000,10000,0,450,900,0,0,0,0,0,0,10000},
	[114060094] = {114060094,0,10000,10000,10000,10000,0,350,700,0,0,0,0,0,0,10000},
	[114060095] = {114060095,0,10000,10000,10000,10000,0,200,400,0,0,0,0,0,0,10000},
	[114060096] = {114060096,0,10000,10000,10000,10000,0,100,200,0,0,0,0,0,0,10000},
	[114060097] = {114060097,0,10000,10000,10000,10000,0,50,100,0,0,0,0,0,0,10000},
	[114060098] = {114060098,0,10000,10000,10000,10000,0,0,0,0,0,0,0,0,0,10000},
	[114120000] = {114120000,9060,11340,11700,6300,6840,500,500,1000,1000,0,0,0,0,0,10000},
	[114120079] = {114120079,0,10000,10000,10000,10000,0,1075,2071,0,0,0,0,0,0,10000},
	[114120080] = {114120080,0,10000,10000,10000,10000,0,1075,2071,0,0,0,0,0,0,10000},
	[114120081] = {114120081,0,10000,10000,10000,10000,0,1075,2071,0,0,0,0,0,0,10000},
	[114120082] = {114120082,0,10000,10000,10000,10000,0,1012,1909,0,0,0,0,0,0,10000},
	[114120083] = {114120083,0,10000,10000,10000,10000,0,950,1750,0,0,0,0,0,0,10000},
	[114120084] = {114120084,0,10000,10000,10000,10000,0,883,1616,0,0,0,0,0,0,10000},
	[114120085] = {114120085,0,10000,10000,10000,10000,0,850,1550,0,0,0,0,0,0,10000},
	[114120086] = {114120086,0,10000,10000,10000,10000,0,816,1483,0,0,0,0,0,0,10000},
	[114120087] = {114120087,0,10000,10000,10000,10000,0,783,1416,0,0,0,0,0,0,10000},
	[114120088] = {114120088,0,10000,10000,10000,10000,0,750,1350,0,0,0,0,0,0,10000},
	[114120089] = {114120089,0,10000,10000,10000,10000,0,750,1350,0,0,0,0,0,0,10000},
	[114120090] = {114120090,0,10000,10000,10000,10000,0,650,1200,0,0,0,0,0,0,10000},
	[114120091] = {114120091,0,10000,10000,10000,10000,0,550,1050,0,0,0,0,0,0,10000},
	[114120092] = {114120092,0,10000,10000,10000,10000,0,483,950,0,0,0,0,0,0,10000},
	[114120093] = {114120093,0,10000,10000,10000,10000,0,450,900,0,0,0,0,0,0,10000},
	[114120094] = {114120094,0,10000,10000,10000,10000,0,350,700,0,0,0,0,0,0,10000},
	[114120095] = {114120095,0,10000,10000,10000,10000,0,200,400,0,0,0,0,0,0,10000},
	[114120096] = {114120096,0,10000,10000,10000,10000,0,100,200,0,0,0,0,0,0,10000},
	[114120097] = {114120097,0,10000,10000,10000,10000,0,50,100,0,0,0,0,0,0,10000},
	[114120098] = {114120098,0,10000,10000,10000,10000,0,0,0,0,0,0,0,0,0,10000},
	[114110000] = {114110000,9500,9025,9500,9500,9975,1000,500,500,1000,0,0,0,0,0,10000},
	[114110099] = {114110099,754064,126258,66251,67240,2069189,14440,4000,6400,4540,3000,3000,1500,1500,1500,10000},
	[111050000] = {111050000,9500,9975,9500,9500,9025,1000,500,500,1000,0,0,0,0,0,10000},
	[111050099] = {111050099,706091,136772,66251,67240,1914757,14440,4000,6400,4540,3000,3000,1500,1500,1500,10000},
	[112020000] = {112020000,10500,10185,9975,11025,10815,500,500,1000,1000,0,0,0,0,0,10000},
	[112020099] = {112020099,916902,155270,71636,81413,2518914,13500,4000,6540,5340,3000,3000,1000,2250,1500,10000},
	[112021000] = {112021000,9500,9975,9500,9500,9025,1000,500,500,1000,0,0,0,0,0,10000},
	[112050000] = {112050000,9563,7220,6650,12350,11970,1000,500,500,1000,0,0,0,0,0,10000},
	[112050099] = {112050099,917508,97876,44614,89722,2587482,14040,4000,5500,5840,1500,4500,1000,1500,2250,10000},
	[111110000] = {111110000,9547,11400,13015,6270,7600,500,500,1000,1000,0,0,0,0,0,10000},
	[111110001] = {111110001,9547,11400,13015,6270,100000000,500,500,1000,1000,0,0,0,0,0,10000},
	[111110099] = {111110099,589740,165498,93457,42693,1535648,13500,4000,7840,4040,4500,1500,1500,1500,1500,10000},
	[113110000] = {113110000,9531,10450,11970,7220,8550,500,1000,1000,500,0,0,0,0,0,10000},
	[113110099] = {113110099,642318,145670,86262,51124,1712593,13500,4940,7440,3500,4500,1500,1500,1500,1500,10000},
	[112110000] = {112110000,9563,11020,11400,7600,8170,500,1000,1000,500,0,0,0,0,0,10000},
	[112110099] = {112110099,624849,152026,82858,53243,1654473,13500,4940,7440,3500,4500,1500,1500,1500,1500,10000},
	[113050000] = {113050000,9547,7600,6270,13015,11400,1000,500,500,1000,0,0,0,0,0,10000},
	[113050099] = {113050099,886342,101574,42693,93457,2489377,14040,4000,5500,5840,1500,4500,1000,1500,2250,10000},
	[111060000] = {111060000,9045,7200,5940,12330,10800,1000,500,500,1000,0,0,0,0,0,10000},
	[111060098] = {111060098,9045,7200,5940,12330,10800,1000,0,0,0,0,0,0,0,0,10000},
	[111120000] = {111120000,9030,9900,11340,6840,8100,500,1000,1000,500,0,0,0,0,0,10000},
	[111120098] = {111120098,9030,9900,11340,6840,8100,500,0,1000,500,0,0,0,0,0,10000},
	[112120000] = {112120000,9000,9900,10980,7020,8100,500,1000,1000,500,0,0,0,0,0,10000},
	[112120098] = {112120098,9000,9900,10980,7020,8100,500,0,1000,500,0,0,0,0,0,10000},
	[114050000] = {114050000,9563,11970,12350,6650,7220,500,500,1000,1000,0,0,0,0,0,10000},
	[114050098] = {114050098,9563,11970,12350,6650,7220,500,0,1000,1000,0,0,0,0,0,10000},
	[114050099] = {114050099,572167,171805,89722,44614,1477529,13500,4000,7840,4040,4500,1500,1500,1500,1500,10000},
	[112060000] = {112060000,9000,8550,9000,9000,9450,1000,500,500,1000,0,0,0,0,0,10000},
	[112060098] = {112060098,9000,8550,9000,9000,9450,1000,0,500,1000,0,0,0,0,0,10000},
	[112130000] = {112130000,10066,12600,13000,7000,7600,500,500,1000,1000,0,0,0,0,0,10000},
	[112130099] = {112130099,626917,188962,98963,49139,1617739,13500,4000,7840,4040,4500,1500,1500,1500,1500,10000},
	[112080000] = {112080000,10000,10000,9500,10500,10000,500,500,1000,1000,0,0,0,0,0,10000},
	[112080099] = {112080099,830658,147421,66607,75370,2273566,13500,4000,6540,5340,3000,3000,1000,2250,1500,10000},
	[116030000] = {116030000,11073,12760,13200,8800,9460,500,1000,1000,500,0,0,0,0,0,10000},
	[116030099] = {116030099,792084,193834,106131,67700,2095503,13500,4940,7440,3500,4500,1500,1500,1500,1500,10000},
	[116040000] = {116040000,11055,13200,15070,7260,8800,500,500,1000,1000,0,0,0,0,0,10000},
	[116040099] = {116040099,748122,211212,119804,54168,1946170,13500,4000,7840,4040,4500,1500,1500,1500,1500,10000},
	[111040000] = {111040000,10033,11000,12600,7600,9000,500,1000,1000,500,0,0,0,0,0,10000},
	[111040099] = {111040099,704911,160156,95086,56238,1878916,13500,4940,7440,3500,4500,1500,1500,1500,1500,10000},
	[113090000] = {113090000,10066,11000,13000,7400,9000,500,1000,1000,500,0,0,0,0,0,10000},
	[113090099] = {113090099,705184,160156,97744,55219,1878916,13500,4940,7440,3500,4500,1500,1500,1500,1500,10000},
	[113040000] = {113040000,10000,9700,9500,10500,10300,500,500,1000,1000,0,0,0,0,0,10000},
	[113040099] = {113040099,847885,143889,66607,75370,2328780,13500,4000,6540,5340,3000,3000,1000,2250,1500,10000},
	[112010000] = {112010000,10570,12180,12600,8400,9030,500,1000,1000,500,0,0,0,0,0,10000},
	[112010099] = {112010099,738640,180567,98907,63069,1954366,13500,4940,7440,3500,4500,1500,1500,1500,1500,10000},
	[112040000] = {112040000,10000,9500,10000,10000,10500,1000,500,500,1000,0,0,0,0,0,10000},
	[112040099] = {112040099,829090,138697,73020,74009,2275061,14440,4000,6400,4540,3000,3000,1500,1500,1500,10000},
	[123150000] = {123150000,9563,11020,11400,7600,8170,500,1000,1000,500,0,0,0,0,0,10000},
	[111010000] = {111010000,10570,13230,13650,7350,7980,500,500,1000,1000,0,0,0,0,0,10000},
	[111010099] = {111010099,675765,204735,106934,52837,1742675,13500,4000,7840,4040,4500,1500,1500,1500,1500,10000},
	[116010000] = {116010000,11000,10450,11000,11000,11550,1000,500,500,1000,0,0,0,0,0,10000},
	[116010099] = {116010099,962304,160833,84482,85471,2641105,14440,4000,6400,4540,3000,3000,1500,1500,1500,10000},
	[116020000] = {116020000,11073,8360,7700,14300,13860,1000,500,500,1000,0,0,0,0,0,10000},
	[116020099] = {116020099,1174115,123573,56906,114820,3312909,14040,4000,5500,5840,1500,4500,1000,1500,2250,10000},
	[154020000] = {154020000,19666,2000,10000,0,300000,0,0,0,0,0,0,0,0,0,10000},
	[154020001] = {154020001,19666,5000,10000,10000,100000000,0,0,0,0,0,0,0,0,0,10000},
	[111030000] = {111030000,10500,10500,9975,11025,10500,500,500,1000,1000,0,0,0,0,0,10000},
	[111030099] = {111030099,897924,159195,71636,81413,2458055,13500,4000,6540,5340,3000,3000,1000,2250,1500,10000},
	[111100000] = {111100000,10000,12200,13000,7000,7800,500,500,1000,1000,0,0,0,0,0,10000},
	[111100099] = {111100099,636392,184395,98963,49139,1650730,13500,4000,7840,4040,4500,1500,1500,1500,1500,10000},
	[111101000] = {111101000,9500,9975,9500,9500,9025,1000,500,500,1000,0,0,0,0,0,10000},
	[114090000] = {114090000,10000,10300,9500,10500,9700,500,500,1000,1000,0,0,0,0,0,10000},
	[114090099] = {114090099,813430,150952,66607,75370,2218352,13500,4000,6540,5340,3000,3000,1000,2250,1500,10000},
	[112100000] = {112100000,9563,10450,12540,6840,8550,500,1000,1000,500,0,0,0,0,0,10000},
	[111080000] = {111080000,10000,11000,9500,10500,9000,500,500,1000,1000,0,0,0,0,0,10000},
	[111080099] = {111080099,773197,159195,66607,75370,2089408,13500,4000,6540,5340,3000,3000,1000,2250,1500,10000},
	[111090000] = {111090000,10050,8000,6600,13700,12000,1000,500,500,1000,0,0,0,0,0,10000},
	[111090099] = {111090099,974795,111442,47066,103114,2737855,14040,4000,5500,5840,1500,4500,1000,1500,2250,10000},
	[150060000] = {150060000,10000,10000,10000,10000,10000,1000,500,500,1000,0,0,0,0,0,10000},
	[150060001] = {150060001,40000,24000,13000,13000,60000,1000,500,500,1000,0,0,0,0,0,10000},
	[150070000] = {150070000,10000,10000,10000,10000,10000,500,500,1000,1000,0,0,0,0,0,10000},
	[150080000] = {150080000,10000,10000,10000,10000,10000,1000,500,500,1000,0,0,0,0,0,10000},
	[150080001] = {150080001,63333,4000,15000,13000,100000,1000,500,500,1000,0,0,0,0,0,10000},
	[150090000] = {150090000,10000,10000,10000,10000,10000,1000,500,500,1000,0,0,0,0,0,10000},
	[150090001] = {150090001,63333,4000,15000,13000,100000,500,1000,1000,500,0,0,0,0,0,10000},
	[112030000] = {112030000,10570,10000,10000,10000,10000,1000,500,500,1000,0,0,0,0,0,10000},
	[112030099] = {112030099,1092027,115435,52837,106934,3080762,14040,4000,5500,5840,1500,4500,1000,1500,2250,10000},
	[112031001] = {112031001,9500,9975,9500,9500,9025,1000,500,500,1000,0,0,0,0,0,10000},
	[112031002] = {112031002,9500,9975,9500,9500,9025,1000,500,500,1000,0,0,0,0,0,10000},
	[112031003] = {112031003,9500,9975,9500,9500,9025,1000,500,500,1000,0,0,0,0,0,10000},
	[112031004] = {112031004,9500,9975,9500,9500,9025,1000,500,500,1000,0,0,0,0,0,10000},
	[113030000] = {113030000,10535,11550,13230,7980,9450,500,1000,1000,500,0,0,0,0,0,10000},
	[113030099] = {113030099,760540,173030,103058,60557,2026784,13500,4940,7440,3500,4500,1500,1500,1500,1500,10000},
	[113031001] = {113031001,9500,9975,9500,9500,9025,1000,500,500,1000,0,0,0,0,0,10000},
	[112090000] = {112090000,10000,10500,10000,10000,9500,1000,500,500,1000,0,0,0,0,0,10000},
	[112090099] = {112090099,774769,150158,73020,74009,2100635,14440,4000,6400,4540,3000,3000,1500,1500,1500,10000},
	[150100000] = {150100000,19666,5000,10000,10000,100000000,0,0,0,0,0,0,0,0,0,10000},
	[150101001] = {150101001,10500,11025,10395,10605,9975,1000,500,500,1000,0,0,0,0,0,10000},
	[150110000] = {150110000,19666,5000,10000,10000,100000000,0,0,0,0,0,0,0,0,0,10000},
	[150120000] = {150120000,19666,5000,10000,10000,100000000,0,0,0,0,0,0,0,0,0,10000},
	[150120002] = {150120002,40000,26000,15000,13000,80000,1000,500,500,1000,0,0,0,0,0,10000},
	[150130001] = {150130001,19666,5000,10000,10000,100000000,0,0,0,0,0,0,0,0,0,10000},
	[150140001] = {150140001,19666,10000,10000,10000,100000000,0,0,0,0,0,0,0,0,0,10000},
	[131020000] = {131020000,10000,10000,10000,10000,10000,0,0,0,0,0,0,0,0,0,10000},
	[189011000] = {189011000,10000,10000,10000,10000,10000,0,0,0,0,0,0,0,0,0,10000},
	[150160000] = {150160000,19666,5000,10000,10000,100000000,0,0,0,0,0,0,0,0,0,10000},
	[150161001] = {150161001,10500,11025,10395,10605,9975,1000,500,500,1000,0,0,0,0,0,5000},
	[150170000] = {150170000,19666,5000,10000,10000,100000000,0,0,0,0,0,0,0,0,0,10000},
	[150180000] = {150180000,19666,5000,10000,10000,100000000,0,0,0,0,0,0,0,0,0,10000},
	[150080002] = {150080002,20000,20000,20000,40000,60000,0,0,0,0,0,0,0,0,0,10000},
	[150020002] = {150020002,20000,20000,20000,40000,60000,0,0,0,0,0,0,0,0,0,10000},
	[150030002] = {150030002,20000,20000,20000,40000,60000,0,0,0,0,0,0,0,0,0,10000},
	[150060002] = {150060002,20000,20000,20000,40000,60000,0,0,0,0,0,0,0,0,0,10000},
	[150090002] = {150090002,20000,20000,20000,40000,60000,0,0,0,0,0,0,0,0,0,10000},
	[150120001] = {150120001,20000,20000,20000,40000,60000,0,0,0,0,0,0,0,0,0,10000},
	[150040002] = {150040002,20000,20000,20000,40000,60000,0,0,0,0,0,0,0,0,0,10000},
	[114030001] = {114030001,20000,20000,20000,40000,60000,0,0,0,0,0,0,0,0,0,10000},
	[150100001] = {150100001,20000,20000,20000,40000,60000,0,0,0,0,0,0,0,0,0,10000},
	[150110001] = {150110001,20000,20000,20000,40000,60000,0,0,0,0,0,0,0,0,0,10000},
	[150140002] = {150140002,20000,20000,20000,40000,60000,0,0,0,0,0,0,0,0,0,10000},
	[150160001] = {150160001,20000,20000,20000,40000,60000,0,0,0,0,0,0,0,0,0,10000},
	[150160002] = {150160002,40000,26000,15000,13000,60000,0,0,0,0,0,0,0,0,0,10000},
	[150170001] = {150170001,20000,20000,20000,40000,60000,0,0,0,0,0,0,0,0,0,10000},
	[150170002] = {150170002,40000,26000,15000,13000,60000,0,0,0,0,0,0,0,0,0,10000},
	[150180001] = {150180001,20000,20000,20000,40000,60000,0,0,0,0,0,0,0,0,0,10000},
	[150180002] = {150180002,40000,26000,15000,13000,60000,0,0,0,0,0,0,0,0,0,10000},
	[116100000] = {116100000,11201,11000,11000,11000,11000,1000,500,500,1000,0,0,0,0,0,10000},
	[116100099] = {116100099,1203203,121206,54168,119804,3401419,14040,4000,5500,5840,1500,4500,1000,1500,2250,10000},
	[116140000] = {116140000,11000,11000,11000,11000,11000,1000,500,500,1000,0,0,0,0,0,10000},
	[116140001] = {116140001,11000,11000,11000,11000,100000000,1000,500,500,1000,0,0,0,0,0,10000},
	[116140099] = {116140099,929675,167663,77338,92614,2536387,14440,4000,6400,4540,3000,3000,1500,1500,1500,10000},
	[150190000] = {150190000,19666,5000,10000,10000,100000000,0,0,0,0,0,0,0,0,0,10000},
	[150190001] = {150190001,19666,5000,10000,10000,10000,0,0,0,0,0,0,0,0,0,10000},
	[150191001] = {150191001,10500,11025,10395,10605,9975,1000,500,500,1000,0,0,0,0,0,10000},
	[150191002] = {150191002,10500,11025,10395,10605,9975,1000,500,500,1000,0,0,0,0,0,10000},
	[150200000] = {150200000,19666,5000,10000,10000,100000000,0,0,0,0,0,0,0,0,0,10000},
	[150210000] = {150210000,19666,5000,10000,10000,100000000,0,0,0,0,0,0,0,0,0,10000},
	[150220000] = {150220000,19666,5000,10000,10000,100000000,0,0,0,0,0,0,0,0,0,10000},
	[116110000] = {116110000,11110,12100,13200,8800,9900,500,1000,1000,500,0,0,0,0,0,10000},
	[116110099] = {116110099,792360,193834,110613,64875,2095503,13500,4940,7440,3500,4500,1500,1500,1500,1500,10000},
	[116111000] = {116111000,9500,9975,9500,9500,9025,1000,500,500,1000,0,0,0,0,0,10000},
	[116120000] = {116120000,11000,12100,13200,8800,9900,500,1000,1000,500,0,0,0,0,0,10000},
	[116120099] = {116120099,965024,170656,73338,91069,2642213,13500,4000,6540,5340,3000,3000,1000,2250,1500,10000},
	[257400000] = {257400000,9500,9975,9500,9500,9025,1000,500,500,1000,0,0,0,0,0,10000},
	[257402000] = {257402000,9500,9975,9500,9500,9025,1000,500,500,1000,0,0,0,0,0,10000},
	[257404000] = {257404000,9500,9975,9500,9500,9025,1000,500,500,1000,0,0,0,0,0,10000},
	[257406000] = {257406000,9500,9975,9500,9500,9025,1000,500,500,1000,0,0,0,0,0,10000},
	[116210000] = {116210000,11073,13420,15400,7040,8580,500,500,1000,1000,0,0,0,0,0,10000},
	[116210099] = {116210099,736156,214286,122045,52837,1906743,13500,4000,7840,4040,4500,1500,1500,1500,1500,10000},
	[116211000] = {116211000,9500,9975,9500,9500,9025,1000,500,500,1000,0,0,0,0,0,10000},
	[261801000] = {261801000,9500,9975,9500,9500,9025,1000,500,500,1000,0,0,0,0,0,10000},
	[261806000] = {261806000,9500,9975,9500,9500,9025,1000,500,500,1000,0,0,0,0,0,10000},
	[263400100] = {263400100,9500,9975,9500,9500,9025,1000,500,500,1000,0,0,0,0,0,10000},
	[263400200] = {263400200,9500,9975,9500,9500,9025,1000,500,500,1000,0,0,0,0,0,10000},
	[263400300] = {263400300,9500,9975,9500,9500,9025,1000,500,500,1000,0,0,0,0,0,10000},
	[263500100] = {263500100,9500,9975,9500,9500,9025,1000,500,500,1000,0,0,0,0,0,10000},
	[263500200] = {263500200,9500,9975,9500,9500,9025,1000,500,500,1000,0,0,0,0,0,10000},
	[263500300] = {263500300,9500,9975,9500,9500,9025,1000,500,500,1000,0,0,0,0,0,10000},
	[263500400] = {263500400,9500,9975,9500,9500,9025,1000,500,500,1000,0,0,0,0,0,10000},
	[263500500] = {263500500,9500,9975,9500,9500,9025,1000,500,500,1000,0,0,0,0,0,10000},
	[263500600] = {263500600,9500,9975,9500,9500,9025,1000,500,500,1000,0,0,0,0,0,10000},
	[263600100] = {263600100,9500,9975,9500,9500,9025,1000,500,500,1000,0,0,0,0,0,10000},
	[263600200] = {263600200,9500,9975,9500,9500,9025,1000,500,500,1000,0,0,0,0,0,10000},
	[263600300] = {263600300,9500,9975,9500,9500,9025,1000,500,500,1000,0,0,0,0,0,10000},
	[263600400] = {263600400,9500,9975,9500,9500,9025,1000,500,500,1000,0,0,0,0,0,10000},
	[263600500] = {263600500,9500,9975,9500,9500,9025,1000,500,500,1000,0,0,0,0,0,10000},
	[263600600] = {263600600,9500,9975,9500,9500,9025,1000,500,500,1000,0,0,0,0,0,10000},
	[263600700] = {263600700,9500,9975,9500,9500,9025,1000,500,500,1000,0,0,0,0,0,10000},
	[263600800] = {263600800,9500,9975,9500,9500,9025,1000,500,500,1000,0,0,0,0,0,10000},
	[263600900] = {263600900,9500,9975,9500,9500,9025,1000,500,500,1000,0,0,0,0,0,10000},
	[263801000] = {263801000,9500,9975,9500,9500,9025,1000,500,500,1000,0,0,0,0,0,10000},
	[263801100] = {263801100,9500,9975,9500,9500,9025,1000,500,500,1000,0,0,0,0,0,10000},
	[263801200] = {263801200,9500,9975,9500,9500,9025,1000,500,500,1000,0,0,0,0,0,10000},
	[263801300] = {263801300,9500,9975,9500,9500,9025,1000,500,500,1000,0,0,0,0,0,10000},
	[116220000] = {116220000,11000,11550,10450,11550,10450,1000,500,500,1000,0,0,0,0,0,10000},
	[116220099] = {116220099,1112360,267093,122870,135302,3684888,14440,4000,6400,4540,3000,3000,1500,1500,1500,10000},
	[116221000] = {116221000,9500,9975,9500,9500,9025,1000,500,500,1000,0,0,0,0,0,10000},
	[116230000] = {116230000,11000,12100,9900,12100,9900,500,500,1000,1000,0,0,0,0,0,10000},
	[116230099] = {116230099,1112360,281296,110776,139559,3676398,13500,4000,6540,5340,3000,3000,1000,2250,1500,10000},
	[116240000] = {116240000,11146,8360,7040,15400,13860,1000,500,500,1000,0,0,0,0,0,10000},
	[116240099] = {116240099,1112360,186657,79368,187229,5070564,14040,4000,5500,5840,1500,4500,1000,1500,2250,10000},
	[116250000] = {116250000,11000,11550,10450,11550,10450,500,500,1000,1000,0,0,0,0,0,10000},
	[116250099] = {116250099,1112360,267093,122870,135302,3684888,14440,4000,6400,4540,3000,3000,1500,1500,1500,10000},
	[116251000] = {116251000,9500,9975,9500,9500,9025,1000,500,500,1000,0,0,0,0,0,10000},
	[116260000] = {116260000,11000,11550,10450,11550,10450,500,500,1000,1000,0,0,0,0,0,10000},
	[116260099] = {116260099,1112360,270086,116243,133757,3856973,13500,4000,6540,5340,3000,3000,1000,2250,1500,10000},
	[116270000] = {116270000,11000,11550,10450,11550,10450,500,500,1000,1000,0,0,0,0,0,10000},
	[116270099] = {116270099,1112360,270086,116243,133757,3856973,13500,4000,6540,5340,3000,3000,1000,2250,1500,10000},
	[116280000] = {116280000,11000,11550,10450,11550,10450,500,500,1000,1000,0,0,0,0,0,10000},
	[116280099] = {116280099,1112360,270086,116243,133757,3856973,13500,4000,6540,5340,3000,3000,1000,2250,1500,10000},
	[116290000] = {116290000,11000,11550,10450,11550,10450,500,500,1000,1000,0,0,0,0,0,10000},
	[116290099] = {116290099,1112360,270086,116243,133757,3856973,13500,4000,6540,5340,3000,3000,1000,2250,1500,10000},
	[116310000] = {116310000,11000,11550,10450,11550,10450,1000,500,500,1000,0,0,0,0,0,10000},
	[116310099] = {116310099,1112360,267093,122870,135302,3684888,14440,4000,6400,4540,3000,3000,1500,1500,1500,10000},
	[116311000] = {116311000,9500,9975,9500,9500,9025,1000,500,500,1000,0,0,0,0,0,10000},
	[116300000] = {116300000,11000,11550,10450,11550,10450,1000,500,500,1000,0,0,0,0,0,10000},
	[116300099] = {116300099,1112360,267093,122870,135302,3684888,14440,4000,6400,4540,3000,3000,1500,1500,1500,10000},
	[117010000] = {117010000,11000,11550,10450,11550,10450,1000,500,500,1000,0,0,0,0,0,10000},
	[117010099] = {117010099,1112360,267093,122870,135302,3684888,14440,4000,6400,4540,3000,3000,1500,1500,1500,10000},
	[116320000] = {116320000,11000,11550,10450,11550,10450,1000,500,500,1000,0,0,0,0,0,10000},
	[116320099] = {116320099,1112360,267093,122870,135302,3684888,14440,4000,6400,4540,3000,3000,1500,1500,1500,10000}
}
for _, value in pairs(monster_base_cfg) do
    setmetatable(value,findT)
end
return _G.ConstClass("monster_base_cfg",monster_base_cfg)