local ct1 = {90120201001,90120201002,90120201003,90120201004,90120201005,90120201006,90120201007,90120201008,90120201009,90120201010,90120201011,90120201012,90120201013,90120201014,90120201015,90120201016,90120201017,90120201018,90120201019,90120201020}
local ct2 = {90120201021,90120201022,90120201023,90120201024,90120201025,90120201026,90120201027,90120201028,90120201029,90120201030,90120201031,90120201032,90120201033,90120201034,90120201035,90120201036,90120201037,90120201038,90120201039,90120201040}
local ct3 = {105,1|106,1|107,1|108,1|109,1|110,1|118,1|119,1}
local ct4 = {105,2|106,2|107,2|108,2|109,2|110,2|118,2|119,2|205,1|206,1|207,1|208,1|209,1|210,1|218,1|219,1}
local ct5 = {105,3|106,3|107,3|108,3|109,3|110,3|118,3|119,3|205,2|206,2|207,2|208,2|209,2|210,2|218,2|219,2|305,1|306,1|307,1|308,1|309,1|310,1|318,1|319,1}
local ct6 = {105,4|106,4|107,4|108,4|109,4|110,4|118,4|119,4|205,3|206,3|207,3|208,3|209,3|210,3|218,3|219,3|305,2|306,2|307,2|308,2|309,2|310,2|318,2|319,2|405,1|406,1|407,1|408,1|409,1|410,1|418,1|419,1}
local ct7 = {105,5|106,5|107,5|108,5|109,5|110,5|118,5|119,5|205,4|206,4|207,4|208,4|209,4|210,4|218,4|219,4|305,3|306,3|307,3|308,3|309,3|310,3|318,3|319,3|405,2|406,2|407,2|408,2|409,2|410,2|418,2|419,2|505,1|506,1|507,1|508,1|509,1|510,1|518,1|519,1}
local ct8 = {105,6|106,6|107,6|108,6|109,6|110,6|118,6|119,6|205,5|206,5|207,5|208,5|209,5|210,5|218,5|219,5|305,4|306,4|307,4|308,4|309,4|310,4|318,4|319,4|405,3|406,3|407,3|408,3|409,3|410,3|418,3|419,3|505,2|506,2|507,2|508,2|509,2|510,2|518,2|519,2|605,1|606,1|607,1|608,1|609,1|610,1|618,1|619,1}
local title = { id = 1 , order = 2 , role_type = 3 , atk = 4 , bre = 5 , def = 6 , max_hp = 7 , role_entry = 8 , role_spine = 9 , role_name = 10}
local findT = {
	__index=function(t,key)
		if not key or not title[key] then
			return nil
		end
		return t[title[key]]
	end
}
local study_role_cfg = {
	[274010101] = {274010101,1,1,10,5,5,150,ct3,{{101,102}},{ct1,ct2}},
	[274010201] = {274010201,1,2,10,5,5,150,ct3,{{201,202}},{ct1,ct2}},
	[274020101] = {274020101,2,1,14,7,7,210,ct4,{{101,102,103}},{ct1,ct2}},
	[274020201] = {274020201,2,2,14,7,7,210,ct4,{{201,202,203}},{ct1,ct2}},
	[274030101] = {274030101,3,1,18,9,9,270,ct5,{{102,103,104}},{ct1,ct2}},
	[274030201] = {274030201,3,2,18,9,9,270,ct5,{{202,203,204}},{ct1,ct2}},
	[274040101] = {274040101,4,1,24,12,12,360,ct6,{{103,104,105}},{ct1,ct2}},
	[274040201] = {274040201,4,2,24,12,12,360,ct6,{{203,204,205}},{ct1,ct2}},
	[274050101] = {274050101,5,1,30,15,15,450,ct7,{{103,104,105,106}},{ct1,ct2}},
	[274050201] = {274050201,5,2,30,15,15,450,ct7,{{203,204,205,206}},{ct1,ct2}},
	[274060101] = {274060101,6,1,40,20,20,600,ct8,{{104,105,106}},{ct1,ct2}},
	[274060201] = {274060201,6,2,40,20,20,600,ct8,{{204,205,206}},{ct1,ct2}}
}
for _, value in pairs(study_role_cfg) do
    setmetatable(value,findT)
end
return _G.ConstClass("study_role_cfg",study_role_cfg)