
local title = { id = 1 , display_priority = 2 , name = 3 , type_mission = 4 , mission_group = 5}
local findT = {
	__index=function(t,key)
		if not key or not title[key] then
			return nil
		end
		return t[title[key]]
	end
}
local stars_mission_cfg = {
	[101] = {101,1,90013010101,{6,30},{347000101,347000102,347000103,347000104,347000105,347000106,347000107,347000108,347000109,347000110,347000111,347000112,347000113,347000114,347000115,347000116,347000117,347000118,347000119,347000120,347000121,347000122,347000123,347000124,347000125,347000126,347000127,347000128,347000129,347000130}},
	[102] = {102,2,90013010201,{5,1,50},{347000201,347000202,347000203,347000204,347000205,347000206,347000207,347000208,347000209,347000210,347000211,347000212,347000213,347000214,347000215,347000216,347000217,347000218,347000219,347000220,347000221,347000222}},
	[103] = {103,3,90013010301,{12,1,1400},{347000301,347000302,347000303,347000304,347000305,347000306,347000307,347000308,347000309,347000310,347000311,347000312,347000313,347000314,347000315,347000316,347000317,347000318,347000319,347000320,347000321,347000322,347000323,347000324,347000325,347000326,347000327,347000328,347000329,347000330}},
	[104] = {104,4,90013010401,{12,2,250},{347000401,347000402,347000403,347000404,347000405,347000406,347000407,347000408,347000409,347000410,347000411,347000412,347000413,347000414,347000415}},
	[105] = {105,5,90013010501,{64,1,1,120},{347000501,347000502,347000503,347000504,347000505,347000506,347000507,347000508,347000509,347000510,347000511,347000512,347000513,347000514,347000515,347000516,347000517,347000518,347000519,347000520,347000521,347000522,347000523,347000524,347000525,347000526,347000527,347000528,347000529,347000530}},
	[106] = {106,6,90013010601,{148,150},{347000601,347000602,347000603,347000604,347000605,347000606,347000607,347000608,347000609,347000610,347000611,347000612,347000613,347000614,347000615,347000616,347000617,347000618,347000619,347000620,347000621,347000622,347000623,347000624,347000625,347000626,347000627,347000628,347000629,347000630}},
	[107] = {107,7,90013010701,{57,6,1},{347000701,347000702,347000703,347000704,347000705,347000706,347000707,347000708,347000709,347000710,347000711,347000712,347000713,347000714,347000715}},
	[108] = {108,8,90013010801,{147,240},{347000801,347000802,347000803,347000804,347000805,347000806,347000807,347000808,347000809,347000810,347000811,347000812,347000813,347000814,347000815,347000816,347000817,347000818,347000819,347000820}},
	[109] = {109,9,90013010901,{132,100},{347000901,347000902,347000903,347000904,347000905,347000906,347000907,347000908,347000909,347000910,347000911,347000912,347000913,347000914,347000915,347000916,347000917,347000918,347000919,347000920}},
	[110] = {110,10,90013011001,{91,0,400},{347001001,347001002,347001003,347001004,347001005,347001006,347001007,347001008,347001009,347001010,347001011,347001012,347001013,347001014,347001015,347001016,347001017,347001018,347001019,347001020,347001021,347001022,347001023,347001024,347001025,347001026,347001027,347001028,347001029,347001030}},
	[112] = {112,12,90013011201,{53,118056},{347001201,347001202,347001203,347001204,347001205,347001206,347001207,347001208,347001209,347001210,347001211,347001212,347001213,347001214,347001215,347001216,347001217,347001218}},
	[113] = {113,13,90013011301,{40,9,220},{347001301,347001302,347001303,347001304,347001305,347001306,347001307,347001308,347001309,347001310,347001311,347001312,347001313,347001314,347001315,347001316,347001317,347001318,347001319,347001320}},
	[114] = {114,14,90013011401,{48,60},{347001401,347001402,347001403,347001404,347001405,347001406,347001407,347001408,347001409,347001410,347001411,347001412,347001413,347001414,347001415,347001416,347001417,347001418,347001419,347001420,347001421,347001422,347001423,347001424,347001425,347001426,347001427,347001428,347001429,347001430}},
	[115] = {115,15,90013011501,{61,102,30},{347001501,347001502,347001503,347001504,347001505,347001506,347001507,347001508,347001509,347001510,347001511,347001512,347001513,347001514,347001515,347001516,347001517,347001518,347001519,347001520,347001521,347001522,347001523,347001524,347001525,347001526,347001527,347001528,347001529,347001530}},
	[116] = {116,16,90013011601,{35,1600},{347001601,347001602,347001603,347001604,347001605,347001606,347001607,347001608,347001609,347001610}},
	[117] = {117,17,90013011701,{65,15},{347001701,347001702,347001703,347001704,347001705,347001706,347001707,347001708,347001709,347001710,347001711,347001712,347001713,347001714,347001715}},
	[120] = {120,20,90013012001,{121,1,50},{347002001,347002002,347002003,347002004,347002005,347002006,347002007,347002008,347002009,347002010,347002011,347002012,347002013,347002014,347002015,347002016,347002017,347002018,347002019,347002020,347002021,347002022,347002023,347002024,347002025}},
	[121] = {121,21,90013012101,{137,0,150},{347002101,347002102,347002103,347002104,347002105,347002106,347002107,347002108,347002109,347002110,347002111,347002112,347002113,347002114,347002115,347002116,347002117,347002118,347002119,347002120,347002121,347002122,347002123,347002124,347002125,347002126,347002127,347002128,347002129,347002130}},
	[123] = {123,23,90013012301,{70,38},{347002301,347002302,347002303,347002304,347002305,347002306,347002307,347002308,347002309,347002310,347002311,347002312,347002313,347002314,347002315,347002316,347002317,347002318,347002319,347002320}},
	[124] = {124,24,90013012401,{102,25},{347002401,347002402,347002403,347002404,347002405,347002406,347002407,347002408,347002409,347002410,347002411,347002412,347002413,347002414,347002415,347002416,347002417,347002418,347002419,347002420,347002421,347002422,347002423,347002424,347002425}}
}
for _, value in pairs(stars_mission_cfg) do
    setmetatable(value,findT)
end
return _G.ConstClass("stars_mission_cfg",stars_mission_cfg)