local ct1 = {21,41,61,81,101,121,141,161,181,201,221,241,261,281,301,321}
local title = { id = 1 , Sort = 2 , Name = 3 , Icon = 4 , Quality_consum = 5 , Level_max = 6 , Node_preview = 7 , Level_info = 8}
local findT = {
	__index=function(t,key)
		if not key or not title[key] then
			return nil
		end
		return t[title[key]]
	end
}
local spoils_technology = {
	[101] = {101,1,9002050006,"ImagesH5/Battle/Skill/1161203",5,321,ct1,{101000,101001,101002,101003,101004,101005,101006,101007,101008,101009,101010,101011,101012,101013,101014,101015,101016,101017,101018,101019,101020,101021,101022,101023,101024,101025,101026,101027,101028,101029,101030,101031,101032,101033,101034,101035,101036,101037,101038,101039,101040,101041,101042,101043,101044,101045,101046,101047,101048,101049,101050,101051,101052,101053,101054,101055,101056,101057,101058,101059,101060,101061,101062,101063,101064,101065,101066,101067,101068,101069,101070,101071,101072,101073,101074,101075,101076,101077,101078,101079,101080,101081,101082,101083,101084,101085,101086,101087,101088,101089,101090,101091,101092,101093,101094,101095,101096,101097,101098,101099,101100,101101,101102,101103,101104,101105,101106,101107,101108,101109,101110,101111,101112,101113,101114,101115,101116,101117,101118,101119,101120,101121,101122,101123,101124,101125,101126,101127,101128,101129,101130,101131,101132,101133,101134,101135,101136,101137,101138,101139,101140,101141,101142,101143,101144,101145,101146,101147,101148,101149,101150,101151,101152,101153,101154,101155,101156,101157,101158,101159,101160,101161,101162,101163,101164,101165,101166,101167,101168,101169,101170,101171,101172,101173,101174,101175,101176,101177,101178,101179,101180,101181,101182,101183,101184,101185,101186,101187,101188,101189,101190,101191,101192,101193,101194,101195,101196,101197,101198,101199,101200,101201,101202,101203,101204,101205,101206,101207,101208,101209,101210,101211,101212,101213,101214,101215,101216,101217,101218,101219,101220,101221,101222,101223,101224,101225,101226,101227,101228,101229,101230,101231,101232,101233,101234,101235,101236,101237,101238,101239,101240,101241,101242,101243,101244,101245,101246,101247,101248,101249,101250,101251,101252,101253,101254,101255,101256,101257,101258,101259,101260,101261,101262,101263,101264,101265,101266,101267,101268,101269,101270,101271,101272,101273,101274,101275,101276,101277,101278,101279,101280,101281,101282,101283,101284,101285,101286,101287,101288,101289,101290,101291,101292,101293,101294,101295,101296,101297,101298,101299,101300,101301,101302,101303,101304,101305,101306,101307,101308,101309,101310,101311,101312,101313,101314,101315,101316,101317,101318,101319,101320}},
	[102] = {102,2,9002050007,"ImagesH5/Battle/Skill/1131808",6,321,ct1,{102000,102001,102002,102003,102004,102005,102006,102007,102008,102009,102010,102011,102012,102013,102014,102015,102016,102017,102018,102019,102020,102021,102022,102023,102024,102025,102026,102027,102028,102029,102030,102031,102032,102033,102034,102035,102036,102037,102038,102039,102040,102041,102042,102043,102044,102045,102046,102047,102048,102049,102050,102051,102052,102053,102054,102055,102056,102057,102058,102059,102060,102061,102062,102063,102064,102065,102066,102067,102068,102069,102070,102071,102072,102073,102074,102075,102076,102077,102078,102079,102080,102081,102082,102083,102084,102085,102086,102087,102088,102089,102090,102091,102092,102093,102094,102095,102096,102097,102098,102099,102100,102101,102102,102103,102104,102105,102106,102107,102108,102109,102110,102111,102112,102113,102114,102115,102116,102117,102118,102119,102120,102121,102122,102123,102124,102125,102126,102127,102128,102129,102130,102131,102132,102133,102134,102135,102136,102137,102138,102139,102140,102141,102142,102143,102144,102145,102146,102147,102148,102149,102150,102151,102152,102153,102154,102155,102156,102157,102158,102159,102160,102161,102162,102163,102164,102165,102166,102167,102168,102169,102170,102171,102172,102173,102174,102175,102176,102177,102178,102179,102180,102181,102182,102183,102184,102185,102186,102187,102188,102189,102190,102191,102192,102193,102194,102195,102196,102197,102198,102199,102200,102201,102202,102203,102204,102205,102206,102207,102208,102209,102210,102211,102212,102213,102214,102215,102216,102217,102218,102219,102220,102221,102222,102223,102224,102225,102226,102227,102228,102229,102230,102231,102232,102233,102234,102235,102236,102237,102238,102239,102240,102241,102242,102243,102244,102245,102246,102247,102248,102249,102250,102251,102252,102253,102254,102255,102256,102257,102258,102259,102260,102261,102262,102263,102264,102265,102266,102267,102268,102269,102270,102271,102272,102273,102274,102275,102276,102277,102278,102279,102280,102281,102282,102283,102284,102285,102286,102287,102288,102289,102290,102291,102292,102293,102294,102295,102296,102297,102298,102299,102300,102301,102302,102303,102304,102305,102306,102307,102308,102309,102310,102311,102312,102313,102314,102315,102316,102317,102318,102319,102320}},
	[103] = {103,3,9002050008,"ImagesH5/Battle/Skill/1250305",8,321,ct1,{103000,103001,103002,103003,103004,103005,103006,103007,103008,103009,103010,103011,103012,103013,103014,103015,103016,103017,103018,103019,103020,103021,103022,103023,103024,103025,103026,103027,103028,103029,103030,103031,103032,103033,103034,103035,103036,103037,103038,103039,103040,103041,103042,103043,103044,103045,103046,103047,103048,103049,103050,103051,103052,103053,103054,103055,103056,103057,103058,103059,103060,103061,103062,103063,103064,103065,103066,103067,103068,103069,103070,103071,103072,103073,103074,103075,103076,103077,103078,103079,103080,103081,103082,103083,103084,103085,103086,103087,103088,103089,103090,103091,103092,103093,103094,103095,103096,103097,103098,103099,103100,103101,103102,103103,103104,103105,103106,103107,103108,103109,103110,103111,103112,103113,103114,103115,103116,103117,103118,103119,103120,103121,103122,103123,103124,103125,103126,103127,103128,103129,103130,103131,103132,103133,103134,103135,103136,103137,103138,103139,103140,103141,103142,103143,103144,103145,103146,103147,103148,103149,103150,103151,103152,103153,103154,103155,103156,103157,103158,103159,103160,103161,103162,103163,103164,103165,103166,103167,103168,103169,103170,103171,103172,103173,103174,103175,103176,103177,103178,103179,103180,103181,103182,103183,103184,103185,103186,103187,103188,103189,103190,103191,103192,103193,103194,103195,103196,103197,103198,103199,103200,103201,103202,103203,103204,103205,103206,103207,103208,103209,103210,103211,103212,103213,103214,103215,103216,103217,103218,103219,103220,103221,103222,103223,103224,103225,103226,103227,103228,103229,103230,103231,103232,103233,103234,103235,103236,103237,103238,103239,103240,103241,103242,103243,103244,103245,103246,103247,103248,103249,103250,103251,103252,103253,103254,103255,103256,103257,103258,103259,103260,103261,103262,103263,103264,103265,103266,103267,103268,103269,103270,103271,103272,103273,103274,103275,103276,103277,103278,103279,103280,103281,103282,103283,103284,103285,103286,103287,103288,103289,103290,103291,103292,103293,103294,103295,103296,103297,103298,103299,103300,103301,103302,103303,103304,103305,103306,103307,103308,103309,103310,103311,103312,103313,103314,103315,103316,103317,103318,103319,103320}}
}
for _, value in pairs(spoils_technology) do
    setmetatable(value,findT)
end
return _G.ConstClass("spoils_technology",spoils_technology)